1983701
377016
77794
511876
145008
194447
50303
77964
114509
160288
1428731
819121
1374201
96542
52500
1266611
1804861
812921
322956
1835316
123428
253611
570
42934
1782
286776
1629326
172129
794191
118496
64717
1765886
74262
1698506
112420
92268
748561
93176
48772
900896
65186
1114001
698556
1300966
32974
1784891
74909
80136
332006
157154
1568671
1492911
165680
182796
1070236
1385011
1835666
1933571
368491
1550311
65637
828101
113931
22554
296001
72363
240321
41971
143690
48941
76677
760206
79222
1300741
1633791
114643
121820
1200806
948756
1096176
191649
192426
126815
950131
1699036
1477631
1896046
880106
34295
1320526
36482
402201
923646
897491
925551
71050
35612
72559
1189081
733716
